16
Y DC
0 1 4 3 1 1 1 1 0 4 0 0 0 0 0 0 4 3 5 2 6 0 1 7 8 9 10 11 15 14 13 12
16
Y AC
0 2 2 1 2 5 2 3 5 2 5 4 7 4 4 208 1 2 3 17 4 33 18 49 0 5 19 65 34 81 6 97 50 20 7 113 35 66 129 145 8 82 161 21 51 177 193 98 36 240 209 9 22 114 67 225 241 130 52 37 83 146 23 162 99 38 178 115 53 68 54 210 147 194 84 131 86 24 85 179 70 148 211 69 116 163 10 100 195 226 149 117 102 55 39 101 118 180 132 164 212 150 87 134 196 242 227 25 133 56 182 166 215 71 165 181 88 243 40 198 214 119 151 152 228 185 120 213 89 103 104 183 135 197 230 246 244 26 57 72 167 41 199 229 73 245 184 42 136 247 137 169 207 206 205 204 203 202 201 200 192 191 190 189 188 187 186 176 175 174 173 172 171 170 168 160 159 158 157 156 155 154 153 144 143 142 141 140 139 138 128 127 126 125 124 123 122 121 112 111 110 109 108 107 106 105 96 95 94 93 92 91 90 11 80 79 78 77 76 75 74 64 63 62 61 60 59 58 48 47 46 45 44 43 32 31 30 29 28 27 16 15 14 13 237 12 238 239 248 249 250 251 252 253 254 255 236 235 234 233 232 231 224 223 222 221 220 219 218 217 216 208
16
Cb DC
0 2 3 1 1 1 1 1 1 0 3 2 0 0 0 0 0 2 3 1 4 5 6 7 8 9 10 15 14 13 12 11
16
Cb AC
0 1 3 1 5 6 4 5 2 2 2 3 4 6 4 208 1 0 17 2 33 49 3 65 81 240 97 18 4 113 129 145 161 177 209 193 5 225 19 34 241 50 6 66 82 20 98 35 7 114 21 51 130 146 162 36 178 22 194 210 67 52 83 8 226 37 99 115 242 53 84 38 23 68 54 179 131 147 69 100 85 211 117 163 195 180 55 116 70 9 148 132 24 39 101 164 227 212 86 118 102 243 149 196 134 228 71 165 182 166 87 169 170 171 172 173 174 175 176 181 183 184 185 186 187 188 189 190 191 192 197 198 199 200 201 202 203 204 205 206 207 208 213 214 215 216 217 218 219 220 221 222 223 224 229 230 231 232 233 234 235 236 237 238 239 244 245 246 247 248 249 250 251 252 253 254 10 255 11 12 13 14 15 16 25 26 27 28 29 30 31 32 40 41 42 43 44 45 46 47 48 56 57 58 59 60 61 62 63 64 72 73 74 75 76 77 78 79 80 88 89 90 91 92 93 94 95 96 103 104 105 106 107 108 109 110 111 112 119 120 121 122 123 124 125 126 127 128 133 135 136 137 138 139 140 141 142 143 144 150 151 152 153 154 155 156 157 158 159 160 167 168
16
Cr DC
1 0 3 1 1 1 1 1 1 1 0 3 2 0 0 0 0 2 1 3 4 5 6 7 8 9 10 14 13 12 15 11
16
Cr AC
0 1 3 1 5 6 4 5 2 2 2 3 4 6 4 208 1 0 17 2 33 49 3 65 81 240 18 97 113 4 129 145 161 209 177 193 5 225 19 34 241 50 6 82 66 20 98 35 7 114 21 51 130 146 162 36 178 210 22 194 67 52 8 83 226 37 53 115 99 68 242 38 84 23 179 147 54 116 131 100 85 148 69 9 163 211 132 70 180 117 195 55 164 86 24 101 212 227 102 196 149 134 133 39 228 118 243 244 165 119 103 166 25 181 87 176 182 183 184 185 186 187 188 189 190 191 192 197 198 199 200 201 202 203 204 205 206 207 208 213 214 215 216 217 10 219 220 221 222 223 224 229 230 231 232 233 234 235 236 237 238 239 245 246 247 248 249 250 251 252 253 254 255 218 11 12 13 14 15 16 26 27 28 29 30 31 32 40 41 42 43 44 45 46 47 48 56 57 58 59 60 61 62 63 64 71 72 73 74 75 76 77 78 79 80 88 89 90 91 92 93 94 95 96 104 105 106 107 108 109 110 111 112 120 121 122 123 124 125 126 127 128 135 136 137 138 139 140 141 142 143 144 150 151 152 153 154 155 156 157 158 159 160 167 168 169 170 171 172 173 174 175
16
Y IDC
0 1 3 5 1 1 1 0 4 0 0 0 0 0 0 0 3 4 2 5 1 6 9 10 0 7 8 11 15 14 13 12
16
Cb IDC
0 1 4 3 1 1 1 0 3 2 0 0 0 0 0 0 0 3 2 1 4 6 5 7 8 9 10 14 13 12 11 15
16
Cr IDC
0 1 5 1 1 1 1 1 0 3 2 0 0 0 0 0 0 3 2 1 6 5 4 7 8 9 10 13 12 11 15 14
